6817
64122
6553
5315
23250
160287
64850
10606
1160
443
314
10861
10449
56898
4716
100288072
8529
4594
1358
84750
4707
1891
6566
5019
10058
6470
23175
762
51805
8612
3930
2739
51496
952
6713
60482
55870
226
5091
54577
51171
95
2998
4837
2799
4830
4881
3417
6578
353
10919
570
26002
51706
586
1610
1555
5264
9365
9227
2747
2986
5728
2026
10935
4166
4668
26063
5723
8871
55650
81616
8288
1371
2628
360
5141
3633
5148
85320
23417
478
51079
80150
7381
8050
2629
55361
6581
160428
6818
114971
138639
6565
162466
170712
286297
56261
23236
50808
137872
1854
2222
3988
246213
9536
53354
29968
55830
9167
496
56895
9551
51109
203
1558
4719
6579
3425
5289
1608
5162
549
10941
51447
79695
6538
1349
9377
1609
1339
26027
374907
9388
2203
490
26330
9945
23530
4535
145173
5298
527
55856
847
2744
9562
3704
84720
514
85007
9016
10690
10257
366
79707
84890
5407
390928
53
83401
1056
192134
10588
6548
56913
275
5142
55224
26035
146712
5048
115
7264
56301
64816
23743
4860
10826
55244
6610
50484
7001
5152
3073
270
8898
55312
5476
10057
199974
2878
129642
26873
6570
230
29881
64174
249
29920
1738
747
4538
51102
57571
5198
491
64834
1562
26061
10965
7384
11283
4833
522
122618
10478
5834
2984
30833
2235
3028
5294
23262
10317
2108
23315
80142
2526
5293
9957
3029
2712
2632
271
4905
1491
9469
483
6568
2752
9488
79623
506
222
1345
79017
3038
7368
79603
10728
6822
133121
39
7371
4942
316
5033
93979
91179
1716
3163
2651
1178
135152
10423
10558
225
23428
8781
89869
51228
5053
131
57030
55750
4710
5409
1374
5145
349565
955
50487
55904
56922
51660
1595
4704
54682
4731
245972
401494
2720
2524
6541
56623
9415
3658
94033
57127
5297
9060
1357
6120
646486
4842
29958
4258
5153
1572
57834
158
10715
2194
102724197
51144
4536
2027
59272
3284
1621
495
122970
534
240
498
5205
2098
374875
6576
9663
23007
11102
55811
8277
4701
79644
482
2173
54981
7086
7991
1581
3283
23430
8942
34
6296
64241
3037
2171
3991
4363
283985
1327
9514
79672
27115
477
79896
9249
7355
788
83884
23545
4698
8041
64600
22934
84814
644378
51604
1376
15
8526
23067
151531
53630
1103
1841
84532
1373
7358
146664
22908
6342
279
3141
23761
5471
80270
1080
1807
348158
113675
8659
117283
768
5208
4759
1431
84735
5860
93034
2983
79723
5740
23203
883
1468
1543
1347
1743
1644
1734
55867
55825
120103
221223
8867
4128
51
51146
9896
1593
216
113235
1594
127124
1340
201288
5498
123099
50515
58508
5207
8630
3620
1346
5446
8140
6554
113026
441024
7351
493
246
5625
9194
1576
521
471
403313
1728
9023
4706
4249
759
2643
131669
2023
79646
4725
79814
51741
9376
1666
51382
6484
23478
6307
55454
11226
90701
1735
8833
4832
1551
54872
2805
8424
1158
30
8803
192286
64781
26062
1545
9955
10455
5238
766
525
2879
27010
3177
7367
5730
139596
2683
771
9791
286410
55808
5232
4702
51179
7903
81849
51703
51196
2937
9487
30815
54578
2639
55907
27109
54407
9481
54
1737
132158
57016
9550
10682
55229
645740
3033
10841
341947
19
84002
11001
51170
64087
6509
10991
257068
132789
622
6520
6675
64132
11343
284273
5408
85465
5243
6531
518
7167
6718
790
3176
9917
5831
2686
11238
957
4597
6609
201595
54659
51478
3291
79087
760
56474
10901
2877
1155
5332
8647
4724
5805
5210
2053
2974
529
6716
641371
79071
128869
2762
635
57379
53905
2168
130752
84752
5130
3636
2529
250
2730
2717
285440
55066
1312
1723
3421
9056
10020
2548
152586
8574
2710
145226
54480
43
7390
4967
1586
29922
5837
293
57026
10678
4025
55577
134526
65220
5106
10846
4669
8534
3292
7054
5973
57194
55500
5167
10632
3945
5160
29085
79901
1503
84889
4705
79948
35
1636
5825
6652
4882
10327
6571
8884
54020
56548
284098
55627
4645
2936
7779
84679
124637
7941
4548
5105
124872
3628
5209
9108
10380
57094
196883
125061
9435
10554
5832
51071
5313
6999
129607
84920
79178
259307
9374
79611
56953
290
6564
2523
5143
27124
9107
10825
8707
130013
126410
3036
276
10797
4715
10553
8402
253017
10331
8608
2806
3419
23491
2539
1152
168391
1267
222537
3938
2132
6303
8821
2819
205
5372
5244
52
222962
5236
1632
124975
11309
26007
5836
247
125965
10720
5224
4048
124583
56624
84693
6543
9114
127
4199
79813
54490
64802
56894
9045
7372
140687
100287639
953
80162
55350
1565
3418
3948
6584
7357
84869
590
93492
128
1571
1962
7498
8639
6392
84569
8703
3712
55326
440
196051
84274
6580
6448
6783
58478
5150
501
2618
11254
23646
51099
112724
5144
4126
144193
6319
9057
158160
36
4351
81539
54576
5464
7166
6898
3157
28
7364
22876
80146
761
9869
10768
8714
2167
54539
124
4831
212
4537
384
2590
4694
27284
874
4541
2653
154141
360203
50940
4726
6715
5291
5136
25874
64077
91227
6583
215
2181
23396
50506
29926
3294
1719
2880
6489
10165
8708
5334
2946
2137
344967
5214
7378
9453
64499
1557
389015
3613
26275
113451
2687
5230
51166
4047
8228
6582
3423
25796
50700
10402
377841
6534
3614
56983
4297
79799
51251
157506
5373
481
201562
10170
10312
6547
8613
5288
5406
4711
91734
89874
1645
5333
195814
64748
10870
8869
2512
27159
5050
2135
27034
57818
51022
7386
5336
100137049
55512
5287
1350
4714
11332
54963
60481
3635
1806
4144
10993
410
4717
6519
9162
341392
387893
125981
51380
9651
8694
2350
533
7084
27306
220
23464
66002
5211
340485
8399
2978
4512
217
6888
6390
4708
56848
10390
2987
30814
8733
23439
8908
100
81579
7306
4539
21
4953
377677
51005
55748
1582
126
2977
116085
2517
4695
5331
9757
79077
8704
219
28976
211
97
5631
8776
11112
1384
7108
4259
1351
130
55331
51700
9429
9942
80339
64841
53947
64902
8992
245973
63917
80168
949
260293
11136
55790
2352
8789
669
83594
55501
6697
111
9739
92579
1337
8395
6240
47
8705
4353
123876
2572
4051
91373
55276
64180
873
9061
3156
5634
6532
6530
3990
6723
539
55277
80308
5147
122481
8446
4191
79586
10026
9245
9296
3099
10840
286016
2821
4598
54363
8875
54511
33
93100
51181
641649
10476
8435
25834
123096
535
9420
8604
3162
8876
3158
6529
2645
55757
1109
2182
200810
5305
2109
283358
13
6521
160728
253782
9583
80724
9956
7296
84706
60386
6648
229
1809
1757
1733
121278
1588
9197
5743
5321
6535
1040
9380
9615
339221
64078
767
9843
92745
6646
114571
1066
231
6647
5049
129807
383
60559
5139
1638
3030
1036
29785
10157
32
480
1607
102724560
1800
8085
112
2992
954
145553
765
2766
119548
79993
8702
594
113189
8790
277
10998
5296
84129
2134
223
1808
1544
118881
4758
11041
54677
210
197257
6916
116255
4843
3293
1356
126328
1553
8836
25830
29796
98
445
90161
55568
10599
338707
5660
65010
10164
4023
64240
4864
11212
644
64080
50617
1727
4513
4357
6821
57704
4129
10202
4514
57104
9951
113612
2997
48
57084
3931
1120
9789
728441
26227
7388
5158
4712
2224
55256
3145
10249
4190
5742
64754
6556
2525
2944
54898
25902
54657
221
4952
5277
160851
1606
80025
283209
93183
10610
57393
3067
9890
55586
8706
11164
2583
7837
7350
54904
6785
3705
2650
6419
5052
23600
2597
29956
8527
5251
9524
272
2678
108
438
517
515
374462
5295
645
2184
284004
9468
2882
51302
11181
23498
5281
79837
2348
11227
54995
513
55268
10201
81490
3422
9953
23533
8622
1583
200576
8396
6540
51606
7299
171425
6549
23305
1375
8310
6518
7389
91012
3295
29925
24
55624
55089
8503
26279
6309
8611
84812
364
22978
2172
2170
3795
4709
2760
163404
26289
6476
875
345274
55217
278
9394
3069
8897
4907
166929
9200
107
2990
51004
3340
204
3939
8525
10396
2591
3995
51495
2745
7083
38
8693
253558
57678
55902
5290
376497
197258
84513
84076
9058
441282
523
4200
2180
8854
340024
5151
5833
10587
29072
8509
435
206358
10975
51205
51292
55967
6649
2110
23057
58510
64419
84618
79717
2679
7173
386757
9356
3992
138429
4143
1559
8824
6542
54675
2519
2271
64900
23632
6241
8394
8818
4056
100507855
528
1635
6572
55293
6523
7365
644974
22856
60490
51227
23371
6799
427
27165
148789
166012
9517
6550
4524
4713
50614
54579
509
93010
5283
54965
8566
2729
5092
5051
1718
9153
54988
374569
112483
28972
56886
3706
1585
3615
2538
80201
64711
248
81537
7915
84787
11285
50814
137902
55163
51111
178
122622
8801
5149
7360
9563
2495
267020
27235
251
55191
526
10864
5319
2581
31
3032
4728
548596
340811
9489
80055
2673
3251
6528
125
140679
221955
23205
55304
92483
1329
224
27090
1244
7263
239
5009
9091
2528
28234
8501
121214
51268
124935
948
476
6536
10873
23475
2820
5226
7298
4507
1549
3906
80271
1548
5137
2582
90423
1537
2588
3034
10724
27430
117248
6389
51477
10090
27068
2585
8802
109
7366
686
9653
114
92370
3081
4722
26229
1890
5322
158584
83468
123688
94005
4723
5138
6487
5286
65985
4125
4696
7363
6391
27089
9154
6819
492
11000
64324
8528
175
7177
587
51727
4718
8564
8473
343
51559
159
1629
4017
51458
2592
51301
5184
23563
123745
54600
5223
1208
10858
55349
3290
10400
56994
280
6482
6546
266740
191
2982
218
2875
27232
3155
79411
1119
10351
8879
10654
2954
5338
6820
2731
1215
5169
10007
4519
93650
132
956
9348
84264
593
83549
221823
646480
5959
10005
26290
146802
6611
5161
0
23556
9123
257202
5337
3248
9677
2527
3632
3707
29906
5140
4729
2131
1622
2746
137964
10135
10555
57198
1584
204219
28965
26301
100526794
162417
8513
2030
8560
6510
51733
374291
5279
51086
10928
3631
8654
5146
4846
64064
10999
54575
5213
64131
1580
83852
80347
113
1118
262
8644
126129
3420
84105
4522
283208
169355
4540
65263
84649
91703
126792
64849
55613
18
201164
29880
112611
7923
1579
1717
978
8372
5330
27087
3098
79966
641372
220074
57171
1591
26
5335
23443
4720
4700
51557
2876
1633
6539
5320
9807
4697
3101
3242
5168
114805
6533
2713
8877
2169
9152
259230
1892
6573
9331
337876
6472
2584
9588
9334
2531
170384
116285
29124
8972
256435
1573
3074
8760
7385
3612
7468
6483
8974
80854
2356
93517
2595
80235
140838
2593
8398
266722
189
79369
8309
54187
64579
7352
348932
55
6839
5538
37
1577
9390
3703
57665
10229
84444
2589
4329
1646
130367
54658
375056
56954
1487
92086
763
84701
51809
411
1159
412
1589
50
516
2571
493869
3000
89872
