6817
6553
5315
1787
160287
64850
10606
1160
443
314
8443
4716
8529
4594
4707
1891
80068
5019
6470
762
4122
51805
8612
2739
952
6713
226
5091
95
2998
4837
2799
4830
4881
3417
353
26002
570
10919
586
1610
5264
9227
2747
2986
5728
2026
10935
4166
4668
5723
8871
55650
9954
8288
1371
2628
5141
3633
5148
23417
478
51079
80150
7381
8050
2629
55361
6581
6818
162466
170712
286297
23236
50808
137872
1854
2222
5240
246213
9536
53354
29968
9167
496
56895
9551
51109
203
1558
4719
3425
5289
1608
5162
549
4245
51447
79695
6538
1349
9377
1609
1339
374907
9388
2203
490
26330
9945
23530
4535
5298
847
2744
3704
84720
514
4121
9016
10690
5407
53
192134
10588
6548
56913
275
5142
55224
26035
5048
115
7264
64816
23743
4860
7001
5152
3073
270
55312
5476
2878
26873
6570
230
249
29920
1738
4538
5034
5198
491
1562
10965
7384
11283
4833
522
5834
2984
30833
2235
3028
5294
10317
2108
23315
80142
5293
9957
3029
2712
2632
271
4905
1491
9469
483
2752
9488
79623
506
222
1345
3038
6822
39
7371
4942
316
5033
1716
3163
2651
1178
135152
10423
10558
8781
89869
5053
131
57030
4710
5409
1374
349565
5145
955
50487
56922
1595
4704
54682
4731
2720
6541
56623
9415
3658
5297
9060
6120
4842
29958
51540
4258
5153
1572
158
2194
4536
2027
3284
1621
495
240
498
2098
23007
55811
8277
4701
482
54981
7086
7991
1581
22929
3283
8942
34
3037
1327
9514
27115
477
5095
79896
1603
788
4698
64600
22934
51604
1376
15
8526
151531
53630
1103
1841
84532
1373
7358
6342
279
3141
23761
5471
80270
114112
1807
6480
8659
117283
5208
4759
1431
84735
6537
5860
93034
2983
79723
5740
10905
883
1468
1543
1347
1743
1644
8867
4128
51
51146
1593
216
1594
1340
5498
5207
58508
50515
3620
1346
57733
113026
7351
493
246
5625
1576
521
471
9023
4706
4249
759
2643
131669
2023
79646
4725
79814
23478
6484
6307
55454
11226
90701
8833
4832
4248
1551
54872
2805
8424
1158
30
8803
64781
26062
1545
9955
5238
766
2879
27010
7841
5096
7367
5730
2683
771
9791
4702
55808
5232
51179
2530
51703
81849
51196
2937
9487
30815
2639
55907
54407
9481
2655
1737
10682
55229
3033
341947
10841
19
84002
11001
64087
257068
132789
622
6520
6675
64132
11343
284273
5408
6531
518
7167
6718
790
3176
5831
11238
957
4597
51478
3291
79087
56474
760
2877
5332
4724
5805
5210
1798
2974
6716
128869
2762
635
57379
53905
130752
5130
3636
250
2730
11253
2717
1312
1723
3421
10020
2548
8574
2710
145226
54480
43
7390
4967
1586
29922
5837
57026
10678
55577
134526
65220
5106
10846
4669
3292
8534
7054
5973
57194
55500
5167
10632
3945
5160
79901
1503
84889
4705
35
6652
4882
10327
6571
8884
56548
284098
2936
84679
124637
7941
4548
5105
3628
5209
10380
196883
64772
9435
10554
5832
5313
6999
57134
84920
79178
56953
290
2523
5143
27124
130013
3036
276
10797
4715
8402
10331
8608
253430
2806
3419
2539
1152
222537
3938
2132
6303
8821
2819
205
5372
52
5236
1632
5836
247
125965
5224
4048
124583
84693
6543
11320
127
4199
79813
56894
64802
54490
7372
953
80162
55350
1565
3418
3948
6584
7357
128
1571
1962
7498
8639
6392
8703
3712
55326
440
6580
6448
6783
5150
501
2618
11254
112724
5144
4126
10195
6319
36
4351
81539
54576
5464
7166
6898
3157
28
7364
80146
761
9869
10768
124
4831
212
4537
384
2590
4694
4541
2653
50940
4726
6715
5291
5136
2181
23396
50506
29926
3294
1719
6489
10165
5334
2137
5214
7378
9453
1557
389015
26275
3613
113451
2687
5230
51166
4047
8228
6582
3423
25796
50700
10402
1788
6534
3614
51251
157506
5373
481
4123
6547
8613
5288
5406
4711
1786
91734
89874
5333
1645
195814
10870
242
8869
27159
5050
8540
2135
27034
57818
51022
7386
5336
1350
55512
166785
5287
54344
4714
3635
1806
4144
10993
410
4717
9162
6519
387893
51380
9651
8694
7084
27306
220
23464
66002
5211
8399
4512
217
6888
6390
4708
56848
10390
2987
30814
8733
23439
100
8908
81579
4539
7306
4953
51005
377677
1582
126
2977
4695
2517
5331
8704
219
28976
211
97
5631
11112
1384
7108
4259
1351
130
9942
64841
53947
64902
63917
80168
11136
55790
8789
669
111
55501
6697
92579
47
1337
8395
6240
8705
4353
2572
4051
91373
55276
873
9061
3156
5634
6532
6530
3990
6723
80308
5147
122481
4191
79586
10026
9245
3099
10840
286016
2821
23382
4598
4844
54363
8875
54511
51181
10476
9420
8604
3162
8876
6529
3158
2645
1109
6185
2182
5305
2109
13
160728
9583
80724
9956
11185
60386
84706
6648
7296
229
1809
1757
121278
1588
9197
5743
5321
6535
1040
1789
9380
9615
6646
231
6647
23483
5049
129807
383
60559
1638
5139
3030
1036
10157
32
480
1607
112
2992
954
2766
594
113189
8790
277
5296
84129
2134
223
1808
1544
118881
4758
11041
54677
210
197257
6916
116255
3293
4843
126328
1553
8836
29796
98
445
90161
55568
10164
4023
11212
644
64080
4513
4357
6821
4129
4514
9951
27349
53343
2997
48
57084
3931
1120
9789
26227
7388
5158
4712
2224
3145
4190
5742
2525
2944
25902
221
5277
4952
160851
318
1606
80025
93183
10610
3067
55586
8706
11164
2583
7350
6785
2650
5052
23600
2597
8527
272
11282
2678
108
438
517
515
5295
645
2184
9468
51302
11181
23498
22305
5281
79837
11227
513
55268
10201
81490
3422
9953
23533
8622
1583
200576
8396
6540
7299
171425
6549
85365
1375
8310
7389
3295
29925
55089
8503
26279
6309
8611
84812
22978
3795
4709
26289
6476
875
55217
4124
278
9394
8897
4907
107
2990
51004
3340
204
3939
10396
8525
2591
285216
2745
7083
38
284208
8693
55301
57678
55902
5290
197258
84076
4200
2180
8854
5151
5833
10587
8509
435
10975
51292
55967
6649
2110
23057
58510
79717
2679
7173
3992
4143
1559
8824
6542
54675
2519
2271
23632
6241
8394
8818
4056
22928
1635
6572
55293
22856
60490
51227
6799
427
79053
27165
166012
9517
6550
9952
4524
4713
50614
509
93010
5283
4845
54965
8566
2729
5092
5051
1718
112483
28972
3706
1585
3615
2538
80201
64711
248
81537
7915
11285
50814
55163
178
122622
8801
5149
7360
9563
251
27235
55191
5319
2581
31
3032
4728
9489
2673
80055
3251
125
140679
92483
1329
224
239
7263
5009
9091
51268
476
6536
10873
2820
23475
5226
56052
7298
4507
3906
80271
1548
5137
2582
29929
1537
2588
3034
117248
27430
6389
51477
10090
27068
2585
8802
109
686
9653
114
3081
4722
26229
1890
5322
94005
4723
5138
6487
5286
65985
4125
4696
7363
6391
27089
492
8528
175
587
51727
4718
8564
159
1629
2592
51301
23563
348477
5223
10858
55349
4247
3290
10400
56994
280
6482
6546
191
2982
218
2875
27232
3155
1119
8879
10654
2954
5338
6820
2731
5169
10007
4519
132
956
9348
84264
593
83549
113452
221823
5959
10005
26290
6611
5161
23556
257202
6184
5337
3632
3707
29906
5140
4729
2131
2746
137964
10555
1584
1650
26301
162417
8513
8560
51733
374291
5279
8985
3631
8654
5146
4846
64064
54575
5213
64131
26237
83852
80347
113
1118
262
7359
126129
3420
4522
4540
65263
84649
91703
126792
18
29880
112611
7923
1717
1579
978
5330
27087
3098
57171
1591
26
5335
4720
4700
51557
2876
6539
1633
5320
4697
9807
3101
3242
5168
114805
6533
2713
9152
259230
1892
337876
6472
2584
9334
2531
5352
8813
116285
29124
8972
256435
3074
8760
7385
3612
6483
8974
80854
2356
5351
2595
80235
2593
8398
266722
189
79369
8309
54187
64579
7352
6839
1577
57665
10229
84444
2589
4329
763
84701
51809
411
1159
412
1589
50
516
2571
3000
768
