18704
23900
211347
14466
14343
56473
14430
14431
2679
20520
214579
14537
52815
333424
17155
242285
11754
110196
75512
15476
69215
67895
19025
209558
160287
12892
110385
66043
11722
71884
54195
15368
433256
66945
54710
217707
18478
18587
227671
17716
105727
104110
76654
11987
13074
64705
19215
74776
234730
4707
18263
18452
110391
94192
104418
14381
68563
231327
22122
12895
100039108
80068
17156
11944
67689
270076
66447
110821
12850
434437
73166
270198
64292
320127
53618
18799
19224
67880
76687
13435
12012
4122
327942
17423
26062
69051
69156
15107
20280
20655
22247
50493
55979
67130
20541
107766
237940
66445
13117
15926
320404
78894
9952
23971
15360
320707
117592
27357
242669
230103
13072
77337
18194
11689
11957
319554
20446
20656
69875
230801
4845
14598
23945
20397
99712
108147
228812
18293
15932
16987
18719
20810
71985
26912
14194
66234
14042
11989
75540
15117
15485
23917
93683
16816
110695
223722
26458
8908
67184
233011
18598
14755
66248
72082
13081
74147
53893
84095
13107
20517
104086
58875
233781
17158
14081
11947
15369
66586
53374
53897
16329
66171
19378
23923
216343
9954
110119
2655
110208
11650
11611
14555
71665
74769
14104
50790
19682
170718
217119
15931
94224
107272
13070
15211
71934
22117
12660
73744
20249
328779
78801
226518
13807
110826
69888
110446
15356
11982
76507
54613
74754
20449
107569
227619
16833
108105
50799
68342
76500
20975
66194
18641
20859
22348
381903
13076
236727
330064
83398
286297
66046
27053
100042918
14421
22275
12411
18618
107650
56176
627998
83553
76025
11821
11671
110877
78752
75475
23984
94181
5240
195646
269181
11429
18798
20442
76238
235339
67863
51797
110639
14387
230075
14378
64059
269437
56248
12908
104245
268860
56050
15275
217593
22276
22436
13079
13162
12349
12715
107895
64436
18711
110147
20775
18125
79087
23956
170442
11958
22228
15483
12642
11684
14936
381290
170768
109900
57170
12351
16832
212862
14917
56174
70750
74551
14919
56357
55981
103963
18946
76051
18606
18597
235033
21990
239122
99035
57377
241489
19125
286016
68198
64602
15112
67980
2974
4844
56752
11941
11416
270685
12499
15357
68603
12496
50784
26879
66694
272411
58193
246221
30956
18822
70325
71743
14412
242202
75986
18126
13434
22173
108682
18576
67717
57028
14863
208967
67800
11761
58866
13116
14874
215446
105663
21823
69719
110173
10476
72077
18705
17449
227231
14593
14775
107029
66414
78070
17308
13113
239559
69060
66454
514
110074
18605
72535
14923
19012
76355
14417
11676
12709
12583
93732
14626
73724
192156
68197
66108
20425
14664
73251
13135
269180
54480
12651
15186
229709
67273
13861
14660
17720
22235
52430
14043
21743
14377
74055
11430
6487
13436
67680
14447
233549
19309
192185
18770
11655
17769
14528
84505
78038
171567
237928
96979
19225
56773
18803
15445
102632
231691
18717
29807
331026
29858
667034
20887
20133
17448
276846
210044
72900
15233
18453
628779
223753
57423
23827
228061
12091
26938
30962
433931
114875
14450
110006
280645
266645
98256
12352
216456
67092
79059
67264
268656
66052
14719
14348
20523
18706
18718
74156
11303
77683
21351
19895
18103
433022
22272
14571
70503
22361
114863
212974
11847
109079
107747
14317
67556
269951
103850
72269
16434
18582
56632
20454
71883
20603
667301
11515
101502
18584
218271
348477
23563
18575
12408
11951
238871
64580
13200
107869
245847
211666
108841
114663
67758
18639
66885
56388
18709
78928
76952
20917
18573
16548
50935
13195
76768
100559
27399
20751
11532
50787
20773
16993
208266
224020
110948
11605
268782
56847
280
67729
595136
81535
15567
404195
218865
233016
231051
27029
15478
20518
56078
14630
105446
68349
320634
230099
11720
140483
246277
12974
57370
15212
13382
11950
20508
22018
625249
106557
69634
68977
64918
18010
11988
72297
27376
66514
13077
20445
110115
26887
11677
76282
109801
72039
17718
18476
225994
18806
18700
17161
212032
13806
407785
14731
232493
26432
19223
17850
226413
225887
74167
230027
13075
56421
104111
619653
11674
109731
27124
18451
78830
74241
67916
17001
16790
232984
66594
57813
14538
237625
18160
338362
13190
54342
222
229665
214253
236899
67972
70789
67375
12039
18948
207728
100043349
68671
20860
13115
214084
17768
27402
66916
11564
226999
103711
106564
68262
13180
11687
232714
11513
212111
72962
229949
104174
71760
217664
107476
56690
20322
75735
110895
69983
74419
56749
66948
18472
13078
20544
59012
14718
11514
218138
23959
18648
56189
13244
53625
50917
67054
14584
66204
104015
71670
208715
11565
225600
20538
113868
23972
22273
74011
232333
78923
12350
11945
11432
20768
17159
26462
8781
12894
110855
12359
109674
54371
18113
240332
19211
15490
11670
55980
67041
60596
69976
14711
13360
13124
22227
22240
4710
50773
74302
106648
229211
71336
18563
77974
235293
227095
93961
19193
56448
58994
271424
211389
11686
11883
93747
14635
231727
117150
103534
15450
58250
17252
102857
14933
20443
72469
93692
14712
436059
103149
110198
14651
11566
66377
16331
20229
22245
26464
21991
27369
67512
17309
15277
226646
18115
224129
11846
216134
67883
108645
80286
107652
269941
15493
74114
380959
20657
12846
20916
27392
55350
227197
239827
71780
13885
18534
14854
69718
102448
12495
266744
17993
67464
66495
11409
71911
208982
13121
69519
18242
110417
234356
13026
107885
13177
110095
30955
56529
14415
22234
52858
58810
12183
74080
238505
66401
15288
66624
16770
11628
68263
234889
234724
18642
18707
14137
208285
54369
66218
18102
69019
11636
11534
100705
72084
99439
79235
26237
109778
14120
217214
18127
18805
54611
15116
54200
15452
80911
18710
212647
75406
17991
15109
7359
27226
20519
11484
26363
18578
54128
66925
56720
217364
56336
50798
117147
231086
319945
66841
67283
56703
18708
320207
12116
68202
18797
19286
13595
59031
66152
110911
214593
20014
19703
18795
67760
18720
13481
29863
75456
14121
109785
16956
76668
109264
13122
18796
56185
67834
11992
22171
15930
208449
12494
15484
50785
17717
69080
11512
13480
15487
67530
17719
11428
78330
16828
72054
240752
20135
11486
81600
22305
55936
69367
12764
218461
17995
11898
18947
269614
75612
108902
76459
329777
14420
17992
20440
243537
11364
100041375
269615
66646
76969
17254
56737
11980
74451
18746
241159
53418
225326
192289
234515
20447
110893
68133
18475
26384
237823
60322
12035
208624
75320
78600
17117
63857
171210
74185
11886
18701
216019
14151
72157
20532
57279
23831
16891
2713
234779
52123
26433
72727
74205
56219
18477
4541
216225
77559
229363
13166
74340
108156
23908
17523
18588
98711
21366
17025
17939
12040
66588
11431
99586
13361
277973
66355
74450
100043684
216558
104112
12497
11593
83702
56451
100163
104776
56774
14751
18663
67292
74596
15486
110078
245650
69354
56012
626571
13171
319415
74246
320438
192166
56454
21672
19210
54486
224530
14544
103988
66091
11881
11949
14287
17711
11717
14085
432530
109652
243616
12934
13123
228550
67003
50786
66904
21391
271639
11668
6537
15531
54616
70266
21915
64707
56520
12346
5334
18416
209027
16330
28169
15488
76267
17721
27388
269378
75572
228033
76898
16332
108037
102247
11298
27419
17436
232087
208211
338403
71797
78920
68401
13433
230163
15118
64385
108083
72136
13808
23918
97212
11669
105014
12647
21881
170789
51798
14776
56727
285216
11757
11423
60525
78914
227327
100198
12036
284208
241062
80914
11946
83603
11656
66902
20937
22229
15492
109136
230815
66681
100678
78925
12896
66812
11647
13142
13478
23887
77031
20652
320685
76722
14595
13178
14629
68393
14645
17855
74129
68375
22271
18802
66260
14732
11702
110842
18195
13106
13350
66848
50880
232223
22178
100043472
14782
12354
18640
14778
225742
18574
18655
91734
73649
19139
16922
14583
20444
54405
18583
107605
1159
67956
208665
66416
14411
15108
54218
68738
15929
14979
66286
110891
105243
11688
236539
19044
